1.006  1.006      1
0.810  1.816      2
0.699  2.515      3
0.621  3.136      4
0.621  3.757      5
0.480  4.237      6
0.424  4.660      7
0.339  5.000      8
0.312  5.312      9
0.311  5.623     10
0.311  5.934     11
0.311  6.245     12
0.310  6.554     13
0.279  6.834     14
0.275  7.109     15
0.273  7.382     16
0.269  7.651     17
0.254  7.905     18
0.234  8.140     19
0.233  8.372     20
0.231  8.603     21
0.229  8.832     22
0.226  9.058     23
0.220  9.278     24
0.219  9.497     25
0.200  9.698     26
0.199  9.897     27
0.193 10.090     28
0.192 10.282     29
0.190 10.472     30
0.189 10.662     31
0.187 10.849     32
0.187 11.035     33
0.185 11.220     34
0.183 11.403     35
0.174 11.577     36
0.171 11.748     37
0.166 11.915     38
0.162 12.077     39
0.162 12.239     40
0.160 12.399     41
0.155 12.554     42
0.153 12.707     43
0.152 12.859     44
0.149 13.008     45
0.149 13.157     46
0.146 13.302     47
0.141 13.443     48
0.137 13.580     49
0.134 13.714     50